[Breathing]
81,120,120,0,0,0,0
147,120,120,0,0,0,0
211,246,246,0,0,0,0
277,242,242,0,0,0,0
[HR]
13,91
341,231,198,490,490,113,113
14,90
15,90
16,88
412,221,231,393,393,87,87
17,89
18,89
19,88
481,217,231,390,390,85,85
20,88
21,89
22,92
548,224,225,460,460,103,103
23,92
24,92
617,208,221,478,478,100,100
25,91
26,89
27,89
28,88
29,89
30,88
31,91
32,92
33,93
34,95
35,95
36,95
37,85
38,85
39,85
40,85
1013,242,221,498,498,121,121
41,87
42,87
43,87
1075,224,222,2,2,0,0
44,86
45,85
1140,233,227,4,4,1,1
46,84
47,83
1193,227,228,4,4,1,1
48,83
49,83
50,83
51,83
1273,224,228,4,4,1,1
52,84
53,84
1338,231,227,2,2,1,1
54,83
55,83
56,81
57,80
58,80
1457,187,227,3,3,1,1
59,81
60,80
61,80
1535,133,213,2,2,0,0
62,79
63,79
64,79
1594,195,202,1,1,0,0
65,78
66,78
67,79
68,79
1704,195,192,2,2,0,0
69,79
70,81
1757,190,191,2,2,0,0
71,80
72,81
73,82
74,84
75,84
76,84
77,83
78,82
79,82
80,81
81,80
82,80
83,82
84,82
85,83
